delayActive.onoff.on10 = [66.67	33.33	32.14	36.00	44.44	45.71	25.00	33.33	42.11	36.36	11.76	20.00	12.50	25.00	28.57	23.81	42.86	21.43]';
delayActive.onoff.off10 = [75.00	30.00	39.29	32.00	55.56	48.57	41.67	44.44	36.84	31.82	5.88	13.33	12.50	25.00	57.14	23.81	28.57	21.43]';
delayActive.onoff.on30 = [75.00	36.67	39.29	32.00	37.04	48.57	20.83	29.63	42.11	36.36	17.65	20.00	12.50	0.00	28.57	14.29	46.43	25.00]';
delayActive.onoff.off10 = [66.67	30.00	39.29	32.00	51.85	45.71	33.33	40.74	42.11	27.27	11.76	20.00	12.50	0.00	85.71	23.81	35.71	25.00]';

delayActive.on.on10 = [50.00	54.55	57.14	50.00	55.56	37.50	48.15	31.82	50.00	71.43	62.50	50.00	29.41	29.41	25.00	20.00]';
delayActive.on.on30 = [50.00	36.36	28.57	50.00	61.11	37.50	48.15	31.82	50.00	42.86	43.75	50.00	29.41	29.41	12.50	0.00]';
delayActive.off.off10 = [60.00	18.18	16.67	16.67	18.18	40.00	40.00	66.67	23.81	60.00	50.00	0.00	45.45	20.00	42.86	33.33	14.29	33.33	50.00	46.43	33.33	37.50	13.33	44.44	46.15]';
delayActive.off.off30 = [60.00	27.27	16.67	16.67	18.18	20.00	40.00	66.67	23.81	60.00	50.00	0.00	45.45	20.00	42.86	40.00	28.57	44.44	56.25	42.86	27.78	37.50	26.67	33.33	53.85]';


timeCell.onoff.on10 = [33.33	26.67	21.43	32.00	25.93	40.00	25.00	22.22	10.53	18.18	5.88	20.00	25.00	0.00	14.29	4.76	17.86	17.86]';
timeCell.onoff.off10 = [41.67	10.00	21.43	24.00	25.93	37.14	12.50	14.81	21.05	22.73	5.88	6.67	12.50	0.00	42.86	4.76	25.00	10.71]';
timeCell.onoff.on30 = [33.33	23.33	21.43	28.00	29.63	22.86	20.83	29.63	5.26	18.18	5.88	13.33	12.50	0.00	0.00	0.00	10.71	10.71]';
timeCell.onoff.off30 = [25.00	10.00	14.29	16.00	7.41	34.29	16.67	14.81	21.05	18.18	11.76	13.33	25.00	0.00	28.57	9.52	14.29	7.14]';

timeCell.on.on10 = [25.00	18.18	14.29	0.00	16.67	12.50	29.63	18.18	0.00	0.00	25.00	25.00	17.65	0.00	12.50	0.00]';
timeCell.on.on30 = [25.00	0.00	28.57	0.00	5.56	12.50	22.22	13.64	16.67	0.00	18.75	25.00	0.00	5.88	0.00	0.00]';
timeCell.off.off10 = [40.00	9.09	0.00	16.67	9.09	40.00	20.00	8.33	0.00	20.00	25.00	0.00	9.09	0.00	14.29	26.67	0.00	11.11	12.50	25.00	11.11	25.00	6.67	33.33	30.77]';
timeCell.off.off30 = [0.00	9.09	16.67	16.67	9.09	40.00	0.00	0.00	0.00	20.00	0.00	0.00	18.18	0.00	0.00	26.67	0.00	22.22	6.25	14.29	16.67	12.50	6.67	22.22	30.77]';
	

time_limCell.onoff.on10 = [25.00	16.67	17.86	12.00	7.41	20.00	16.67	22.22	10.53	13.64	0.00	0.00	25.00	0.00	0.00	0.00	10.71	3.57]';
time_limCell.onoff.off10 = [33.33	3.33	7.14	8.00	11.11	34.29	12.50	7.41	5.26	9.09	5.88	0.00	0.00	0.00	0.00	4.76	10.71	10.71]';
time_limCell.onoff.on30 = [16.67	13.33	14.29	20.00	18.52	20.00	16.67	22.22	5.26	13.64	5.88	0.00	12.50	0.00	0.00	0.00	10.71	3.57]';
time_limCell.onoff.off30 = [25.00	10.00	7.14	12.00	7.41	28.57	12.50	7.41	21.05	13.64	5.88	6.67	25.00	0.00	14.29	9.52	10.71	3.57]';

time_limCell.on.on10 = [25.00	0.00	0.00	0.00	5.56	6.25	11.11	13.64	0.00	0.00	25.00	6.25	5.88	0.00	0.00	0.00]';
time_limCell.on.on30 = [25.00	0.00	0.00	0.00	5.56	12.50	18.52	9.09	0.00	0.00	18.75	12.50	0.00	5.88	0.00	0.00]';
time_limCell.off.off10 = [20.00	9.09	0.00	16.67	9.09	40.00	0.00	0.00	0.00	20.00	0.00	0.00	9.09	0.00	14.29	20.00	0.00	11.11	6.25	17.86	11.11	12.50	6.67	22.22	23.08]';
time_limCell.off.off30 = [0.00	9.09	16.67	16.67	9.09	40.00	0.00	0.00	0.00	20.00	0.00	0.00	9.09	0.00	0.00	13.33	0.00	22.22	0.00	10.71	16.67	12.50	6.67	22.22	30.77]';
																																																

persistCell.onoff.on10 = [8.33	10.00	3.57	20.00	18.52	20.00	8.33	0.00	0.00	4.55	5.88	20.00	0.00	0.00	14.29	4.76	7.14	14.29]';
persistCell.onoff.off10 = [8.33	6.67	14.29	16.00	14.81	2.86	0.00	7.41	15.79	13.64	0.00	6.67	12.50	0.00	42.86	0.00	14.29	0.00]';
persistCell.onoff.on30 = [16.67	10.00	7.14	8.00	11.11	2.86	4.17	7.41	0.00	4.55	0.00	13.33	0.00	0.00	0.00	0.00	0.00	7.14]';
persistCell.onoff.off30 = [0.00	0.00	7.14	4.00	0.00	5.71	4.17	7.41	0.00	4.55	5.88	6.67	0.00	0.00	14.29	0.00	3.57	3.57]';

persistCell.on.on10 = [0.00	18.18	14.29	0.00	11.11	6.25	18.52	4.55	0.00	0.00	0.00	18.75	11.76	0.00	12.50	0.00]';
persistCell.on.on30 = [0.00	0.00	28.57	0.00	0.00	0.00	3.70	4.55	16.67	0.00	0.00	12.50	0.00	0.00	0.00	0.00]';
persistCell.off.off10 = [20.00	0.00	0.00	0.00	0.00	0.00	20.00	8.33	0.00	0.00	25.00	0.00	0.00	0.00	0.00	6.67	0.00	0.00	6.25	7.14	0.00	12.50	0.00	11.11	7.69]';
persistCell.off.off30 = [0.00	0.00	0.00	0.00	0.00	0.00	0.00	0.00	0.00	0.00	0.00	0.00	9.09	0.00	0.00	13.33	0.00	0.00	6.25	3.57	0.00	0.00	0.00	0.00	0.00]';
																								

earlyPeak.onoff.on10 = [100.00	100.00	80.00	100.00	100.00	100.00	100.00	100.00	100.00	100.00	na	na	100.00	na	na	na	100.00	100.00]';
earlyPeak.onoff.off10 = [100.00	100.00	100.00	100.00	100.00	100.00	100.00	100.00	100.00	100.00	100.00	na	na	na	na	100.00	100.00	100.00]';
earlyPeak.onoff.on30 = [100.00	75.00	50.00	100.00	80.00	100.00	100.00	83.33	100.00	100.00	0.00	na	100.00	na	na	na	100.00	100.00]';
earlyPeak.onoff.off30 = [100.00	100.00	100.00	66.67	100.00	90.00	100.00	100.00	100.00	100.00	100.00	0.00	100.00	na	0.00	50.00	100.00	100.00]';

earlyPeak.on.on10 = [100.00	na	na	na	100.00	100.00	100.00	66.67	na	na	100.00	100.00	100.00	na	na	na]';
earlyPeak.on.on30 = [100.00	na	na	na	0.00	100.00	80.00	100.00	na	na	100.00	100.00	na	100.00	na	na]';
earlyPeak.off.off10 = [0.00	100.00	na	100.00	100.00	100.00	na	na	na	100.00	na	na	100.00	na	100.00	100.00	na	100.00	100.00	100.00	100.00	100.00	100.00	100.00	100.00]';
earlyPeak.off.off30 = [na	100.00	100.00	100.00	100.00	100.00	na	na	na	100.00	na	na	100.00	na	na	100.00	na	100.00	na	100.00	100.00	100.00	100.00	100.00	100.00]';

																				